NAME HCon76

MAXTIME 300
DAYS 5

FLEET SIZE 6
VEHICLE TYPES 4
TYPE1 2 250 250 1.8 1
TYPE2 1 180 180 6.2 1
TYPE3 2 150 50 3.2 1
TYPE4 1 100 100 2.5 1

CUSTOMERS 76

DEPOT 0 0

CUSTOMERCOORDINATES 
-18 -18 0 
-4 -14 0 
-19 5 0 
5 -5 0 
15 -20 0 
-7 -6 0 
10 10 0 
15 5 0 
-14 19 0 
0 26 0 
15 25 0 
-5 11 0 
22 -5 0 
22 17 0 
22 -16 0 
-19 -4 0 
-7 4 0 
-31 16 0 
22 8 0 
26 -26 0 
4 -27 0 
-14 -27 0 
-29 -12 0 
-33 3 0 
-23 24 0 
1 6 0 
15 -6 0 
-5 -24 0 
12 -14 0 
3 -14 0 
-9 36 0 
-18 13 0 
-14 -11 0 
10 0 0 
15 10 0 
14 -30 0 
20 -25 0 
7 26 0 
-10 20 0 
-10 10 0 
-28 -23 0 
-25 -26 0 
-24 -21 0 
-19 8 0 
10 -10 0 
11 2 0 
10 -25 0 
8 -19 0 
-28 -2 0 
-25 16 0 
-11 -1 0 
14 -2 0 
15 17 0 
27 1 0 
-30 30 0 
-34 -15 0 
25 -13 0 
0 20 0 
30 24 0 
24 -36 0 
-4 -34 0 
-10 -20 0 
-20 -10 0 
-25 -35 0 
10 30 0 
17 32 0 
5 2 0 
-2 -7 0 
10 -36 0 
26 -32 0 
19 -35 0 
-5 20 0 
-13 -16 0 
0 -20 0 
0 -3 0 

CUSTOMERDEMANDS
1 18 18 18 18 18
2 0 0 26 0 0
3 11 11 11 11 11
4 30 30 30 30 30
5 0 0 0 0 21
6 19 19 0 19 19
7 0 15 0 15 15
8 0 0 16 0 16
9 0 0 29 29 0
10 0 0 26 0 0
11 0 37 0 0 0
12 16 16 16 0 16
13 0 12 12 0 0
14 31 0 31 0 31
15 8 8 0 0 8
16 19 0 19 19 19
17 0 0 0 20 0
18 0 13 0 0 0
19 0 0 0 15 0
20 0 22 0 0 0
21 0 28 0 0 0
22 0 12 12 12 12
23 0 6 0 0 0
24 27 27 27 27 27
25 14 0 0 0 0
26 0 0 0 18 0
27 0 0 0 0 17
28 0 29 0 0 0
29 0 0 13 0 0
30 22 22 22 0 22
31 25 0 25 25 0
32 0 0 0 0 28
33 0 0 0 0 27
34 0 19 0 0 0
35 0 0 0 10 0
36 12 0 12 12 12
37 14 0 0 0 0
38 0 24 0 0 0
39 16 16 0 16 16
40 0 0 0 0 33
41 15 15 0 0 15
42 0 11 11 11 11
43 0 18 18 18 18
44 17 17 17 17 17
45 21 21 21 21 21
46 27 27 27 27 0
47 19 19 19 19 19
48 0 20 20 0 20
49 0 0 0 0 5
50 0 0 22 0 0
51 12 0 0 0 0
52 19 19 19 19 19
53 0 22 0 0 0
54 0 16 16 16 16
55 0 0 0 0 7
56 0 26 26 26 0
57 14 14 14 0 0
58 0 0 21 0 0
59 0 24 0 0 0
60 13 13 0 13 13
61 15 0 0 0 0
62 0 0 0 0 18
63 11 11 11 0 0
64 28 28 28 28 28
65 9 9 9 0 9
66 0 0 0 0 37
67 0 30 0 0 0
68 0 0 0 10 0
69 0 0 0 0 8
70 0 11 0 0 11
71 3 0 0 0 0
72 1 1 1 1 1
73 6 6 0 0 6
74 0 0 0 0 10
75 20 0 0 0 0

COMPATIBILITY RESTRICTIONS 
1 1 1 1 1 1 1
2 1 1 1 1 1 1
3 1 1 1 1 1 1
4 0 0 0 1 1 1
5 1 1 1 1 1 1
6 0 0 0 1 1 1
7 1 1 1 1 1 1
8 1 1 1 1 1 1
9 1 1 0 0 0 0
10 1 1 1 1 1 1
11 1 1 0 0 0 0
12 1 1 1 1 1 1
13 1 1 1 1 1 1
14 1 1 0 0 0 0
15 1 1 1 1 1 1
16 1 1 1 1 1 1
17 0 0 0 1 1 1
18 1 1 1 1 1 1
19 1 1 1 1 1 1
20 1 1 1 1 1 1
21 1 1 0 0 0 0
22 1 1 1 1 1 1
23 1 1 1 1 1 1
24 1 1 1 1 1 1
25 1 1 1 1 1 1
26 0 0 0 1 1 1
27 1 1 1 1 1 1
28 1 1 0 0 0 0
29 1 1 1 1 1 1
30 1 1 1 1 1 1
31 1 1 1 1 1 1
32 1 1 0 0 0 0
33 1 1 1 1 1 1
34 0 0 0 1 1 1
35 1 1 1 1 1 1
36 1 1 1 1 1 1
37 1 1 1 1 1 1
38 1 1 1 1 1 1
39 1 1 1 1 1 1
40 1 1 0 0 0 0
41 1 1 1 1 1 1
42 1 1 1 1 1 1
43 1 1 1 1 1 1
44 1 1 1 1 1 1
45 1 1 1 1 1 1
46 1 1 0 0 0 0
47 1 1 1 1 1 1
48 1 1 1 1 1 1
49 1 1 1 1 1 1
50 1 1 1 1 1 1
51 0 0 0 1 1 1
52 1 1 1 1 1 1
53 1 1 1 1 1 1
54 1 1 1 1 1 1
55 1 1 1 1 1 1
56 1 1 1 1 1 1
57 1 1 1 1 1 1
58 1 1 1 1 1 1
59 1 1 1 1 1 1
60 1 1 1 1 1 1
61 1 1 1 1 1 1
62 1 1 1 1 1 1
63 1 1 1 1 1 1
64 1 1 0 0 0 0
65 1 1 1 1 1 1
66 1 1 0 0 0 0
67 0 0 0 1 1 1
68 0 0 0 1 1 1
69 1 1 1 1 1 1
70 1 1 1 1 1 1
71 1 1 1 1 1 1
72 1 1 1 1 1 1
73 1 1 1 1 1 1
74 1 1 1 1 1 1
75 0 0 0 1 1 1 
