NAME HCon101

MAXTIME 250
DAYS 5

FLEET SIZE 5
VEHICLE TYPES 4
TYPE1 2 250 250 1.8 1
TYPE2 1 200 200 1.7 1
TYPE3 1 180 180 1.4 1
TYPE4 1 120 120 1.6 1

CUSTOMERS 101

DEPOT 0 0

CUSTOMERCOORDINATES 
6 14 0 
0 -18 0 
20 10 0 
20 -15 0 
-20 -5 0 
-10 -5 0 
-15 15 0 
-25 8 0 
20 25 0 
-5 25 0 
-15 30 0 
15 0 0 
-5 -10 0 
-20 -25 0 
-5 -30 0 
-25 -15 0 
-30 -5 0 
-15 5 0 
-20 25 0 
10 30 0 
10 -15 0 
10 -25 0 
20 -30 0 
30 0 0 
30 -15 0 
10 -5 0 
0 5 0 
6 2 0 
29 7 0 
5 25 0 
-4 17 0 
0 34 0 
18 17 0 
30 20 0 
28 30 0 
-33 25 0 
-15 -15 0 
-30 -30 0 
25 -23 0 
5 -10 0 
7 -28 0 
-11 -23 0 
-12 -32 0 
-24 -21 0 
-29 3 0 
-33 13 0 
-27 21 0 
-22 17 0 
-29 33 0 
12 12 0 
14 23 0 
-8 8 0 
2 -4 0 
22 -6 0 
28 -12 0 
18 -23 0 
-3 -23 0 
1 -9 0 
-14 -11 0 
-18 -1 0 
-23 -11 0 
-11 23 0 
-8 34 0 
-20 42 0 
27 42 0 
14 38 0 
32 -30 0 
21 4 0 
2 12 0 
2 21 0 
22 33 0 
12 -19 0 
9 -18 0 
11 -22 0 
14 -24 0 
14 7 0 
18 8 0 
26 17 0 
22 13 0 
21 2 0 
20 19 0 
-20 12 0 
-21 2 0 
-24 -4 0 
-19 -13 0 
-31 -17 0 
-7 -17 0 
-9 17 0 
-9 0 0 
-4 32 0 
-20 -16 0 
-13 -13 0 
-17 -11 0 
-9 -8 0 
-10 -11 0 
-13 -8 0 
-10 -14 0 
-16 -14 0 
-15 -9 0 
-17 -17 0 

CUSTOMERDEMANDS
1 10 10 10 0 10
2 0 7 0 0 0
3 13 13 13 13 13
4 19 19 19 19 19
5 26 0 26 0 26
6 3 3 3 3 0
7 5 5 5 5 0
8 9 9 9 0 9
9 0 0 0 16 16
10 0 0 0 16 0
11 12 0 0 12 12
12 0 0 0 0 19
13 0 0 0 23 0
14 0 20 20 0 20
15 8 8 8 8 8
16 0 0 19 19 19
17 2 2 2 0 2
18 12 0 0 0 12
19 0 0 0 0 17
20 0 0 0 0 9
21 11 0 11 0 11
22 18 18 18 18 0
23 0 0 29 0 0
24 3 3 0 0 3
25 6 0 0 0 0
26 0 0 0 0 17
27 16 16 16 0 16
28 16 0 16 16 16
29 9 0 9 9 0
30 21 21 21 21 0
31 0 0 27 0 27
32 23 23 23 23 23
33 0 0 11 0 11
34 14 0 14 0 14
35 8 8 8 8 8
36 5 0 0 0 0
37 8 0 8 0 8
38 0 0 16 16 16
39 0 31 31 31 31
40 0 0 9 0 9
41 0 0 0 0 5
42 5 5 5 5 5
43 7 7 0 0 7
44 0 18 0 0 0
45 16 16 0 16 0
46 0 1 0 0 1
47 27 27 27 27 0
48 0 0 0 0 36
49 30 0 0 0 0
50 0 0 13 13 13
51 10 10 10 0 10
52 9 0 0 0 9
53 0 14 14 14 14
54 18 0 0 18 18
55 0 0 2 2 0
56 6 6 6 6 6
57 0 7 0 0 0
58 18 18 18 18 0
59 0 0 0 28 0
60 3 0 3 0 3
61 0 13 13 13 13
62 0 0 0 0 19
63 0 0 0 10 0
64 0 9 9 0 9
65 20 20 0 20 20
66 25 25 25 25 0
67 25 25 25 0 0
68 36 36 36 36 36
69 6 0 0 0 0
70 0 0 0 5 0
71 15 15 15 15 0
72 25 0 0 0 0
73 9 9 9 9 9
74 8 8 0 0 8
75 0 0 18 18 18
76 0 0 0 13 13
77 0 0 14 14 14
78 0 0 3 0 0
79 23 0 0 23 23
80 6 6 6 6 0
81 26 26 26 0 26
82 16 16 16 0 16
83 0 0 0 11 0
84 7 7 7 0 7
85 0 0 0 41 0
86 35 35 35 0 35
87 0 26 26 0 26
88 9 9 9 9 0
89 15 0 0 15 15
90 3 0 0 3 3
91 1 1 1 0 1
92 2 0 2 2 2
93 22 22 0 22 0
94 0 27 27 27 0
95 20 20 20 0 20
96 0 11 0 0 0
97 12 0 12 12 0
98 10 0 10 10 10
99 0 0 9 0 9
100 17 0 0 17 17

