NAME HCon51

MAXTIME 280
DAYS 5

FLEET SIZE 4
VEHICLE TYPES 3
TYPE1 1 230 180 6.2 1
TYPE2 1 180 80 5.2 1
TYPE3 2 120 100 2.5 1

CUSTOMERS 51

DEPOT 0 0

CUSTOMERCOORDINATES 
7 12 10 
19 9 10 
22 24 10 
-10 -14 10 
10 -10 10 
-9 7 10 
-13 23 10 
1 22 10 
22 -7 10 
21 -19 10 
12 1 10 
1 -8 10 
-25 -15 10 
-18 2 10 
6 -24 10 
22 1 10 
-3 -17 10 
-13 -7 10 
-17 -27 10 
27 18 10 
32 2 10 
12 17 10 
-14 17 10 
-22 12 10 
-23 -2 10 
-3 28 10 
0 8 10 
13 27 10 
28 8 10 
28 -13 10 
7 29 10 
8 6 10 
16 -30 10 
31 -7 10 
32 23 10 
33 29 10 
2 -18 10 
15 -5 10 
29 -25 10 
-25 -34 10 
-20 -23 10 
-9 -30 10 
-25 24 10 
0 -25 10 
9 -30 10 
2 -1 10 
-5 -8 10 
-5 15 10 
18 -12 10 
26 -3 10 

CUSTOMERDEMANDS
1 7 0 7 7 0
2 30 30 0 0 30
3 16 16 0 16 16
4 0 0 0 0 9
5 0 0 21 0 0
6 0 0 15 0 0
7 19 19 0 19 19
8 23 23 23 0 23
9 0 0 11 0 0
10 5 5 5 0 5
11 19 19 19 0 19
12 29 29 29 29 29
13 23 23 23 23 0
14 21 0 21 21 21
15 10 10 0 10 0
16 15 15 15 15 15
17 0 0 3 0 3
18 41 41 41 0 41
19 9 9 9 9 9
20 11 0 0 0 0
21 0 8 8 8 8
22 8 8 8 0 8
23 16 16 0 16 16
24 0 0 10 0 0
25 28 0 28 0 28
26 0 7 7 7 7
27 15 15 15 0 0
28 0 14 14 14 0
29 6 6 0 6 0
30 0 0 0 0 19
31 11 0 0 11 11
32 12 0 12 12 12
33 0 23 0 23 23
34 26 0 0 26 0
35 0 17 17 17 17
36 6 0 0 6 6
37 0 0 0 9 0
38 15 0 15 0 15
39 14 14 14 0 14
40 0 0 7 0 0
41 0 0 0 27 0
42 13 0 13 0 0
43 0 11 0 0 0
44 16 16 0 16 16
45 10 10 10 10 0
46 5 0 0 0 0
47 25 25 0 0 25
48 0 17 17 17 17
49 18 18 18 18 18
50 10 0 0 0 0

