NAME HCon151

MAXTIME 340
DAYS 5

FLEET SIZE 10
VEHICLE TYPES 6
TYPE1 2 250 250 1.8 1
TYPE2 2 200 200 1.7 1
TYPE3 2 140 140 1.4 1
TYPE4 2 120 120 1.6 1
TYPE5 1 100 100 1.5 1
TYPE6 1 80 80 1.2 1

CUSTOMERS 151

DEPOT 0 0

CUSTOMERCOORDINATES
2 17 10 
14 14 10 
17 29 10 
-15 -9 10 
5 -5 10 
-14 12 10 
-18 28 10 
-4 27 10 
17 -2 10 
16 -14 10 
7 6 10 
-4 -3 10 
-30 -10 10 
-23 7 10 
1 -19 10 
17 6 10 
-8 -12 10 
-18 -2 10 
-22 -22 10 
22 23 10 
27 7 10 
7 22 10 
-19 22 10 
-27 17 10 
-28 3 10 
-8 33 10 
-5 13 10 
8 32 10 
23 13 10 
23 -8 10 
2 34 10 
3 11 10 
11 -25 10 
26 -2 10 
27 28 10 
28 34 10 
-3 -13 10 
10 0 10 
24 -20 10 
-30 -29 10 
-25 -18 10 
-14 -25 10 
-30 29 10 
-5 -20 10 
4 -25 10 
-3 4 10 
-10 -3 10 
-10 20 10 
13 -7 10 
21 2 10 
6 14 10 
0 -18 10 
20 10 10 
20 -15 10 
-20 -5 10 
-10 -5 10 
-15 15 10 
-25 8 10 
20 25 10 
-5 25 10 
-15 30 10 
15 0 10 
-5 -10 10 
-20 -25 10 
-5 -30 10 
-25 -15 10 
-30 -5 10 
-15 5 10 
-20 25 10 
10 30 10 
10 -15 10 
10 -25 10 
20 -30 10 
30 0 10 
30 -15 10 
10 -5 10 
0 5 10 
6 2 10 
29 7 10 
5 25 10 
-4 17 10 
0 34 10 
18 17 10 
30 20 10 
28 30 10 
-33 25 10 
-15 -15 10 
-30 -30 10 
25 -23 10 
5 -10 10 
7 -28 10 
-11 -23 10 
-12 -32 10 
-24 -21 10 
-29 3 10 
-33 13 10 
-27 21 10 
-22 17 10 
-29 33 10 
12 12 10 
14 23 10 
-8 8 10 
2 -4 10 
22 -6 10 
28 -12 10 
18 -23 10 
-3 -23 10 
1 -9 10 
-14 -11 10 
-18 -1 10 
-23 -11 10 
-11 23 10 
-8 34 10 
-20 42 10 
27 42 10 
14 38 10 
32 -30 10 
21 4 10 
2 12 10 
2 21 10 
22 33 10 
12 -19 10 
9 -18 10 
11 -22 10 
14 -24 10 
14 7 10 
18 8 10 
26 17 10 
22 13 10 
21 2 10 
20 19 10 
-20 12 10 
-21 2 10 
-24 -4 10 
-19 -13 10 
-31 -17 10 
-7 -17 10 
-9 17 10 
-9 0 10 
-4 32 10 
-20 -16 10 
-13 -13 10 
-17 -11 10 
-9 -8 10 
-10 -11 10 
-13 -8 10 
-10 -14 10 
-16 -14 10 
-15 -9 10 
-17 -17 10 

CUSTOMERDEMANDS
1 7 7 7 7 7
2 30 30 0 0 30
3 0 16 16 16 16
4 9 0 9 0 9
5 21 0 0 0 0
6 0 0 15 0 0
7 19 19 19 19 19
8 23 23 23 0 23
9 11 0 11 11 11
10 0 5 0 0 5
11 0 0 0 0 19
12 29 0 0 29 29
13 23 23 23 23 0
14 0 21 0 21 0
15 0 0 0 10 0
16 15 15 15 15 0
17 3 0 0 0 0
18 41 41 41 0 0
19 9 0 0 0 0
20 0 0 0 28 0
21 8 8 0 0 8
22 0 0 8 0 0
23 16 16 16 0 16
24 10 10 10 10 10
25 0 0 28 28 28
26 7 7 7 0 7
27 0 15 15 0 0
28 0 0 14 0 14
29 0 6 6 6 0
30 19 19 19 19 0
31 11 11 11 0 11
32 12 12 12 12 12
33 23 0 0 23 23
34 26 26 26 26 26
35 17 0 0 17 0
36 6 6 6 0 6
37 9 9 9 9 9
38 15 0 15 15 15
39 0 14 14 14 14
40 7 0 0 0 0
41 0 27 0 0 0
42 0 0 0 13 0
43 0 0 11 11 11
44 16 16 16 16 16
45 0 10 10 10 10
46 0 5 0 0 5
47 0 0 0 0 25
48 0 17 17 17 17
49 0 18 18 18 18
50 10 0 10 10 10
51 10 0 0 0 0
52 7 0 0 7 7
53 13 13 0 0 13
54 19 19 19 0 0
55 0 26 0 0 0
56 0 0 0 3 0
57 0 5 0 0 5
58 9 9 0 9 0
59 16 0 0 0 0
60 0 0 16 0 0
61 0 12 12 12 12
62 0 19 19 0 19
63 23 23 23 0 23
64 0 0 0 0 20
65 8 8 8 8 8
66 19 19 0 19 19
67 2 0 0 2 0
68 0 0 0 12 12
69 0 0 17 0 0
70 9 9 9 9 9
71 11 11 11 11 0
72 0 0 18 0 0
73 29 29 0 29 29
74 3 3 0 3 3
75 0 6 6 6 6
76 17 17 17 0 17
77 0 0 0 16 0
78 0 0 0 16 0
79 0 9 9 9 0
80 0 0 0 0 21
81 0 27 0 0 0
82 0 23 0 0 23
83 11 11 11 0 11
84 14 0 14 14 0
85 8 0 8 8 8
86 5 0 5 0 0
87 0 8 8 0 8
88 16 16 16 0 0
89 0 0 0 31 0
90 9 0 0 9 9
91 5 5 5 5 5
92 5 0 5 5 5
93 7 0 7 7 0
94 18 18 18 18 18
95 16 16 16 0 0
96 1 0 0 0 1
97 27 0 27 0 0
98 0 0 36 0 0
99 0 30 0 0 30
100 13 13 13 13 13
101 10 0 10 10 10
102 9 9 9 9 9
103 14 0 0 0 0
104 18 0 18 0 18
105 2 2 0 2 2
106 0 6 6 6 6
107 7 0 0 7 7
108 0 0 18 0 0
109 28 28 28 28 28
110 3 3 0 0 3
111 0 0 0 0 13
112 19 19 19 19 19
113 0 10 0 0 10
114 9 9 9 9 9
115 20 20 20 0 0
116 25 25 0 0 25
117 25 25 25 0 25
118 36 0 36 0 36
119 6 6 0 6 6
120 0 5 0 0 0
121 15 15 15 15 15
122 0 25 0 0 0
123 0 9 0 9 9
124 0 8 8 8 8
125 18 0 18 18 18
126 13 0 0 0 0
127 14 14 14 14 0
128 0 0 0 3 0
129 0 23 23 23 0
130 6 6 0 6 6
131 26 26 26 26 26
132 0 16 16 16 16
133 11 0 11 0 11
134 0 0 7 7 7
135 41 41 0 0 41
136 35 0 35 35 0
137 0 26 0 0 0
138 9 9 9 9 9
139 0 15 0 0 0
140 0 0 0 0 3
141 1 1 0 0 0
142 2 2 2 2 2
143 22 22 22 22 22
144 27 0 0 0 0
145 20 0 20 0 20
146 0 11 0 0 11
147 12 0 12 0 12
148 0 0 10 0 0
149 0 9 0 9 9
150 17 17 0 17 17

