NAME HCon101

MAXTIME 350
DAYS 5

FLEET SIZE 5
VEHICLE TYPES 4
TYPE1 2 250 250 1.8 1
TYPE2 1 200 200 1.7 1
TYPE3 1 180 180 1.4 1
TYPE4 1 120 120 1.6 1

CUSTOMERS 101

DEPOT 0 0

CUSTOMERCOORDINATES 
6 14 10 
0 -18 10 
20 10 10 
20 -15 10 
-20 -5 10 
-10 -5 10 
-15 15 10 
-25 8 10 
20 25 10 
-5 25 10 
-15 30 10 
15 0 10 
-5 -10 10 
-20 -25 10 
-5 -30 10 
-25 -15 10 
-30 -5 10 
-15 5 10 
-20 25 10 
10 30 10 
10 -15 10 
10 -25 10 
20 -30 10 
30 0 10 
30 -15 10 
10 -5 10 
0 5 10 
6 2 10 
29 7 10 
5 25 10 
-4 17 10 
0 34 10 
18 17 10 
30 20 10 
28 30 10 
-33 25 10 
-15 -15 10 
-30 -30 10 
25 -23 10 
5 -10 10 
7 -28 10 
-11 -23 10 
-12 -32 10 
-24 -21 10 
-29 3 10 
-33 13 10 
-27 21 10 
-22 17 10 
-29 33 10 
12 12 10 
14 23 10 
-8 8 10 
2 -4 10 
22 -6 10 
28 -12 10 
18 -23 10 
-3 -23 10 
1 -9 10 
-14 -11 10 
-18 -1 10 
-23 -11 10 
-11 23 10 
-8 34 10 
-20 42 10 
27 42 10 
14 38 10 
32 -30 10 
21 4 10 
2 12 10 
2 21 10 
22 33 10 
12 -19 10 
9 -18 10 
11 -22 10 
14 -24 10 
14 7 10 
18 8 10 
26 17 10 
22 13 10 
21 2 10 
20 19 10 
-20 12 10 
-21 2 10 
-24 -4 10 
-19 -13 10 
-31 -17 10 
-7 -17 10 
-9 17 10 
-9 0 10 
-4 32 10 
-20 -16 10 
-13 -13 10 
-17 -11 10 
-9 -8 10 
-10 -11 10 
-13 -8 10 
-10 -14 10 
-16 -14 10 
-15 -9 10 
-17 -17 10 

CUSTOMERDEMANDS
1 10 10 0 10 0
2 0 0 0 0 7
3 13 13 13 13 13
4 0 0 0 19 0
5 0 0 0 0 26
6 0 0 0 0 3
7 5 0 5 5 5
8 0 9 0 0 9
9 0 0 16 0 0
10 16 16 0 16 0
11 0 12 0 0 0
12 0 0 19 0 0
13 23 23 23 0 0
14 20 20 0 20 20
15 8 8 8 8 0
16 19 19 19 0 0
17 0 2 0 0 0
18 12 0 0 0 0
19 17 0 17 17 17
20 9 0 0 0 0
21 0 11 0 0 0
22 0 0 0 0 18
23 29 0 0 29 29
24 0 3 0 0 0
25 0 6 6 0 6
26 17 17 17 17 0
27 0 0 0 16 0
28 16 16 16 16 16
29 9 9 9 9 0
30 21 21 21 21 21
31 27 0 0 0 0
32 0 23 0 0 0
33 11 11 11 0 11
34 14 0 14 14 14
35 0 0 0 0 8
36 0 0 5 0 0
37 0 0 0 8 0
38 0 16 16 16 0
39 31 31 31 31 0
40 0 0 9 0 0
41 0 0 0 0 5
42 5 0 0 0 0
43 7 0 0 0 0
44 18 18 18 18 18
45 0 0 16 16 16
46 1 1 1 0 1
47 0 27 0 0 0
48 0 0 36 0 0
49 0 0 0 30 0
50 0 0 13 13 13
51 0 0 0 10 0
52 0 9 0 0 0
53 14 14 0 0 0
54 18 0 0 0 0
55 2 2 2 2 2
56 0 0 0 0 6
57 0 0 0 0 7
58 0 0 0 0 18
59 28 28 0 28 28
60 0 0 0 0 3
61 13 0 13 0 13
62 19 19 0 19 19
63 0 0 0 10 0
64 9 9 9 9 0
65 0 0 20 0 0
66 0 0 25 25 0
67 25 0 0 0 0
68 36 36 0 36 36
69 0 6 0 0 0
70 5 0 0 0 0
71 15 0 15 15 0
72 25 25 25 0 0
73 0 9 0 0 0
74 8 8 0 8 8
75 18 18 18 18 18
76 0 13 0 0 0
77 0 14 0 0 0
78 3 0 0 0 0
79 0 0 0 0 23
80 6 0 0 0 0
81 26 26 0 26 0
82 16 16 16 16 0
83 11 0 11 0 0
84 0 0 0 7 0
85 0 0 0 41 0
86 35 35 35 35 35
87 26 0 26 0 0
88 0 0 0 0 9
89 0 0 15 0 0
90 3 0 3 3 3
91 1 1 0 1 1
92 0 0 0 2 0
93 22 22 22 0 22
94 27 27 0 27 0
95 20 0 20 20 20
96 0 0 11 11 11
97 12 0 12 0 12
98 0 10 10 10 0
99 9 0 9 9 0
100 0 17 0 0 0

