NAME HCon19

MAXTIME 40
DAYS 3

FLEET SIZE 2
VEHICLE TYPES 2
TYPE1 1 25 130 5 1
TYPE2 1 20 100 3 1

CUSTOMERS 19

DEPOT 0 0

CUSTOMERCOORDINATES 
8.18 9.781 1 
0.864 3.187 1 
3.66 2.82 1 
0.866 2.47 1 
3.045 8.571 1 
8.371 8.022 1 
2.04 2.697 1 
1.409 5.733 1 
9.236 1.998 1 
8.954 5.615 1 
7.778 6.524 1 
4.151 3.729 1 
3.88 1.69 1 
7.049 2.998 1 
2.434 4.323 1 
3.423 2.062 1 
1.185 1.765 1 
4.22 4.711 1 

CUSTOMERDEMANDS
1 3 3 3
2 0 1 0
3 2 0 2
4 2 2 0
5 3 3 0
6 0 1 1
7 0 3 0
8 3 3 3
9 0 1 1
10 1 1 1
11 3 3 0
12 3 0 0
13 3 3 0
14 2 0 2
15 2 2 2
16 1 1 1
17 0 1 0
18 1 1 0
