NAME HCon19

MAXTIME 40
DAYS 3

FLEET SIZE 3
VEHICLE TYPES 2
TYPE1 1 20 130 5 1
TYPE2 2 16 100 3 1

CUSTOMERS 19

DEPOT 0 0

CUSTOMERCOORDINATES  
7.609 3.414 1 
9.463 1.078 1 
6.845 5.04 1 
0.435 6.355 1 
3.758 5.63 1 
2.594 4.659 1 
1.41 2.461 1 
8.794 3.059 1 
0.745 8.25 1 
5.816 2.818 1 
8.097 5.37 1 
1.917 3.79 1 
0.969 4.12 1 
8.925 3.601 1 
4.75 7.027 1 
8.097 6.313 1 
0.902 9.245 1 
3.022 4.613 1 

CUSTOMERDEMANDS
1 1 1 1
2 0 3 0
3 2 2 0
4 0 3 3
5 0 2 2
6 3 3 3
7 2 2 0
8 0 1 0
9 0 0 1
10 2 2 2
11 0 1 0
12 3 3 0
13 0 2 2
14 3 3 0
15 2 2 2
16 2 0 2
17 2 2 2
18 3 3 3
