NAME HCon19

MAXTIME 40
DAYS 3

FLEET SIZE 3
VEHICLE TYPES 2
TYPE1 1 20 130 5 1
TYPE2 2 18 100 3 1

CUSTOMERS 19

DEPOT 0 0

CUSTOMERCOORDINATES 
8.18 9.781 1 
0.864 3.187 1 
3.66 2.82 1 
0.866 2.47 1 
3.045 8.571 1 
8.371 8.022 1 
2.04 2.697 1 
1.409 5.733 1 
9.236 1.998 1 
9.574 5.474 1 
7.541 3.132 1 
4.448 0.854 1 
2.152 9.587 1 
4.914 4.111 1 
0.561 4.104 1 
2.152 1.214 1 
5.801 0.251 1 
2.532 2.137 1 

CUSTOMERDEMANDS
1 3 3 3
2 0 1 0
3 2 0 2
4 2 2 0
5 3 3 0
6 0 1 1
7 0 3 0
8 3 3 3
9 0 1 1
10 1 0 0
11 2 2 2
12 2 2 2
13 3 3 0
14 3 3 0
15 3 0 3
16 3 3 3
17 1 1 1
18 0 1 0
