NAME HCon25

MAXTIME 45
DAYS 3

FLEET SIZE 3
VEHICLE TYPES 2
TYPE1 1 25 130 5 1
TYPE2 2 22 100 3 1

CUSTOMERS 25

DEPOT 0 0

CUSTOMERCOORDINATES 
6.052 3.088 1 
5.891 3.533 1 
5.527 1.645 1 
0.802 9.435 1 
2.517 3.295 1 
9.474 4.196 1 
3.135 6.523 1 
1.046 2.026 1 
8.144 0.351 1 
6.816 9.033 1 
8.537 2.535 1 
2.266 6.815 1 
1.458 8.872 1 
4.936 1.479 1 
2.792 4.057 1 
0.229 2.017 1 
2.274 5.382 1 
5.94 5.56 1 
1.948 3.185 1 
8.701 3.896 1 
1.72 1.825 1 
4.994 0.4 1 
6.688 4.925 1 
6.522 3.583 1 

CUSTOMERDEMANDS
1 1 1 0
2 2 2 0
3 3 0 0
4 1 1 0
5 0 2 2
6 2 0 2
7 0 0 1
8 1 1 1
9 3 3 3
10 3 3 3
11 2 2 2
12 0 3 3
13 0 3 0
14 0 1 0
15 3 3 0
16 2 0 0
17 0 3 3
18 0 0 2
19 2 0 2
20 3 3 0
21 1 1 1
22 1 1 1
23 0 3 3
24 1 1 0
