NAME HCon25

MAXTIME 45
DAYS 3

FLEET SIZE 3
VEHICLE TYPES 2
TYPE1 1 25 130 5 1
TYPE2 2 22 100 3 1

CUSTOMERS 25

DEPOT 0 0

CUSTOMERCOORDINATES 
6.411 7.437 1 
7.263 5.66 1 
7.485 3.395 1 
1.432 3.817 1 
1.921 4.169 1 
9.957 5.77 1 
2.847 5.453 1 
1.674 0.576 1 
2.228 4.792 1 
5.879 2.075 1 
4.724 9.378 1 
6.587 8.195 1 
7.444 2.887 1 
8.946 2.13 1 
7.182 4.225 1 
5.843 9.515 1 
9.963 0.776 1 
1.668 5.045 1 
6.246 4.734 1 
2.759 3.211 1 
9.485 5.047 1 
4.494 3.05 1 
6.972 7.585 1 
2.839 6.113 1 

CUSTOMERDEMANDS 
1 1 1 1
2 2 2 2
3 3 3 0
4 2 2 0
5 0 3 3
6 1 0 1
7 2 2 2
8 0 3 0
9 1 1 1
10 3 3 0
11 0 3 3
12 2 0 0
13 2 2 2
14 2 0 0
15 3 0 0
16 3 0 3
17 3 3 3
18 2 2 2
19 2 2 2
20 0 3 0
21 2 2 0
22 2 2 0
23 1 0 1
24 0 1 1
