NAME HCon25

MAXTIME 45
DAYS 3

FLEET SIZE 3
VEHICLE TYPES 2
TYPE1 1 25 130 5 1
TYPE2 2 22 100 3 1

CUSTOMERS 25

DEPOT 0 0

CUSTOMERCOORDINATES 
6.052 3.088 1 
5.891 3.533 1 
5.527 1.645 1 
0.802 9.435 1 
2.517 3.295 1 
9.474 4.196 1 
3.135 6.523 1 
1.046 2.026 1 
8.144 0.351 1 
6.816 9.033 1 
8.537 2.535 1 
2.266 6.815 1 
2.205 8.162 1 
2.153 9.199 1 
2.467 3.594 1 
3.12 1.909 1 
5.185 5.413 1 
5.524 5.719 1 
4.233 8.845 1 
6.289 2.841 1 
8.49 9.219 1 
2.481 4.513 1 
6.634 1.767 1 
7.083 6.334 1 

CUSTOMERDEMANDS 
1 1 1 0
2 2 2 0
3 3 0 0
4 1 1 0
5 0 2 2
6 2 0 2
7 0 0 1
8 1 1 1
9 3 3 3
10 3 3 3
11 2 2 2
12 0 3 3
13 0 0 2
14 3 3 3
15 3 3 3
16 1 1 1
17 0 0 3
18 2 2 2
19 2 2 2
20 2 0 2
21 2 0 0
22 1 0 0
23 0 0 1
24 0 0 2
