NAME HCon51

MAXTIME 300
DAYS 5

FLEET SIZE 4
VEHICLE TYPES 3
TYPE1 1 230 180 6.2 1
TYPE2 2 180 80 5.2 1
TYPE3 1 120 100 2.5 1

CUSTOMERS 51

DEPOT 0 0

CUSTOMERCOORDINATES  
7 12 10 
19 9 10 
22 24 10 
-10 -14 10 
10 -10 10 
-9 7 10 
-13 23 10 
1 22 10 
22 -7 10 
21 -19 10 
12 1 10 
1 -8 10 
-25 -15 10 
-18 2 10 
6 -24 10 
22 1 10 
-3 -17 10 
-13 -7 10 
-17 -27 10 
27 18 10 
32 2 10 
12 17 10 
-14 17 10 
-22 12 10 
-23 -2 10 
-3 28 10 
0 8 10 
13 27 10 
28 8 10 
28 -13 10 
7 29 10 
8 6 10 
16 -30 10 
31 -7 10 
32 23 10 
33 29 10 
2 -18 10 
15 -5 10 
29 -25 10 
-25 -34 10 
-20 -23 10 
-9 -30 10 
-25 24 10 
0 -25 10 
9 -30 10 
2 -1 10 
-5 -8 10 
-5 15 10 
18 -12 10 
26 -3 10 

CUSTOMERDEMANDS 
1 7 0 7 7 0
2 30 30 0 0 30
3 16 16 0 16 16
4 0 9 9 9 9
5 0 0 21 0 0
6 0 0 15 0 0
7 19 19 0 19 19
8 23 23 23 0 23
9 0 0 11 11 11
10 5 5 5 0 5
11 19 19 19 0 19
12 29 29 29 29 29
13 23 23 23 23 0
14 21 0 21 21 21
15 10 10 0 10 0
16 15 15 15 15 15
17 0 0 3 0 3
18 41 41 41 0 41
19 9 9 9 9 9
20 10 0 0 0 0
21 0 8 8 8 8
22 8 8 8 0 8
23 16 16 0 16 16
24 0 10 0 0 0
25 28 0 28 0 28
26 0 7 7 7 7
27 15 15 15 0 0
28 0 14 14 14 0
29 6 6 0 6 0
30 0 0 0 0 19
31 11 0 0 11 11
32 12 0 12 12 12
33 0 23 0 23 23
34 26 0 0 26 0
35 0 17 17 17 17
36 6 0 0 6 6
37 9 9 9 9 9
38 15 0 15 0 15
39 14 14 14 0 14
40 7 7 7 7 0
41 0 0 0 27 0
42 13 0 13 0 0
43 11 11 11 11 11
44 16 16 0 16 16
45 10 10 10 10 0
46 5 0 0 0 0
47 25 25 0 0 25
48 0 17 17 17 17
49 18 18 18 18 18
50 0 0 10 0 0

COMPATIBILITY RESTRICTIONS 
1 0 0 0 1
2 1 0 0 0
3 1 1 1 1
4 0 0 0 1
5 0 0 0 1
6 0 0 0 1
7 1 0 0 0
8 1 0 0 0
9 1 1 1 1
10 1 1 1 1
11 0 0 0 1
12 0 0 0 1
13 1 0 0 0
14 1 0 0 0
15 1 1 1 1
16 1 1 1 1
17 1 1 1 1
18 0 0 0 1
19 1 1 1 1
20 1 0 0 0
21 1 1 1 1
22 1 1 1 1
23 1 1 1 1
24 1 1 1 1
25 1 0 0 0
26 1 1 1 1
27 0 0 0 1
28 1 1 1 1
29 1 1 1 1
30 1 0 0 0
31 1 1 1 1
32 0 0 0 1
33 1 0 0 0
34 1 0 0 0
35 1 1 1 1
36 1 1 1 1
37 1 1 1 1
38 0 0 0 1
39 1 1 1 1
40 1 1 1 1
41 1 0 0 0
42 1 1 1 1
43 1 1 1 1
44 1 1 1 1
45 1 1 1 1
46 0 0 0 1
47 0 0 0 1
48 0 0 0 1
49 1 0 0 0
50 1 1 1 1
