NAME HCon51

MAXTIME 240
DAYS 5

FLEET SIZE 4
VEHICLE TYPES 3
TYPE1 1 230 180 6.2 1
TYPE2 2 180 80 5.2 1
TYPE3 1 120 100 2.5 1

CUSTOMERS 51

DEPOT 0 0

CUSTOMERCOORDINATES 
7 12 0 
19 9 0 
22 24 0 
-10 -14 0 
10 -10 0 
-9 7 0 
-13 23 0 
1 22 0 
22 -7 0 
21 -19 0 
12 1 0 
1 -8 0 
-25 -15 0 
-18 2 0 
6 -24 0 
22 1 0 
-3 -17 0 
-13 -7 0 
-17 -27 0 
27 18 0 
32 2 0 
12 17 0 
-14 17 0 
-22 12 0 
-23 -2 0 
-3 28 0 
0 8 0 
13 27 0 
28 8 0 
28 -13 0 
7 29 0 
8 6 0 
16 -30 0 
31 -7 0 
32 23 0 
33 29 0 
2 -18 0 
15 -5 0 
29 -25 0 
-25 -34 0 
-20 -23 0 
-9 -30 0 
-25 24 0 
0 -25 0 
9 -30 0 
2 -1 0 
-5 -8 0 
-5 15 0 
18 -12 0 
26 -3 0 

CUSTOMERDEMANDS
1 7 7 7 0 7
2 30 30 30 30 0
3 0 16 16 16 16
4 9 9 9 0 9
5 0 0 21 0 0
6 15 15 15 0 15
7 0 19 19 19 19
8 23 23 23 0 0
9 11 0 11 11 11
10 5 5 0 5 0
11 19 0 19 19 0
12 29 0 0 0 29
13 0 23 23 23 0
14 0 21 0 0 0
15 10 0 10 0 10
16 0 0 15 15 15
17 3 3 3 3 0
18 41 41 41 0 0
19 9 9 0 9 9
20 28 0 28 28 0
21 8 0 8 8 8
22 8 8 8 8 0
23 0 0 16 0 0
24 10 10 10 10 10
25 28 28 28 0 28
26 7 0 7 7 7
27 0 15 15 15 0
28 0 0 14 14 14
29 0 0 0 6 0
30 0 19 19 19 0
31 0 0 11 11 11
32 12 12 12 12 12
33 23 0 0 23 23
34 0 0 26 0 0
35 17 0 17 17 17
36 0 6 6 6 0
37 9 0 9 0 9
38 15 15 0 15 0
39 0 14 14 14 14
40 0 0 7 0 7
41 27 27 0 0 0
42 13 13 13 13 0
43 11 0 0 11 0
44 16 0 0 0 0
45 0 10 0 10 10
46 0 5 5 5 0
47 0 0 25 25 0
48 0 0 0 17 0
49 0 0 0 18 0
50 10 0 10 10 10

