NAME HCon121

MAXTIME 300
DAYS 5

FLEET SIZE 6
VEHICLE TYPES 4
TYPE1 2 250 250 1.8 1
TYPE2 1 200 200 1.7 1
TYPE3 2 180 180 2.5 1
TYPE4 1 150 50 3.2 1

CUSTOMERS 121

DEPOT 0 0

CUSTOMERCOORDINATES 
15 -44 0 
15 -42 0 
21 -40 0 
22 -40 0 
21 -38 0 
22 -36 0 
24 -36 0 
36 -36 0 
25 -38 0 
24 -39 0 
25 -40 0 
37 -39 0 
30 -40 0 
29 -42 0 
26 -42 0 
63 -39 0 
63 -37 0 
14 -9 0 
66 -39 0 
66 -35 0 
66 -32 0 
68 -42 0 
68 -36 0 
69 -42 0 
69 -40 0 
69 -34 0 
72 -42 0 
72 -38 0 
80 -30 0 
74 -42 0 
74 -40 0 
74 -36 0 
75 -44 0 
77 -40 0 
75 -37 0 
77 -38 0 
76 -4 0 
76 -1 0 
76 1 0 
75 10 0 
79 -2 0 
79 1 0 
79 7 0 
82 -3 0 
82 7 0 
84 -3 0 
84 -1 0 
84 3 0 
86 -3 0 
89 1 0 
89 5 0 
73 35 0 
73 38 0 
75 36 0 
75 40 0 
75 44 0 
77 35 0 
77 41 0 
80 32 0 
80 43 0 
83 37 0 
83 39 0 
83 44 0 
84 41 0 
85 35 0 
89 44 0 
27 38 0 
40 35 0 
25 40 0 
25 42 0 
34 41 0 
36 44 0 
36 38 0 
36 42 0 
36 44 0 
38 38 0 
40 40 0 
40 43 0 
44 41 0 
44 45 0 
0 -10 0 
0 -5 0 
8 -15 0 
7 -10 0 
6 -7 0 
4 -5 0 
5 -3 0 
1 -3 0 
8 -5 0 
11 -6 0 
10 -5 0 
8 -4 0 
10 -1 0 
12 -1 0 
6 0 0 
10 0 0 
15 0 0 
20 10 0 
10 5 0 
12 6 0 
8 4 0 
6 3 0 
10 10 0 
8 8 0 
4 5 0 
5 6 0 
6 9 0 
18 -12 0 
23 -7 0 
20 5 0 
3 -5 0 
5 -9 0 
8 -14 0 
15 -8 0 
20 1 0 
15 7 0 
6 -12 0 
15 -10 0 
-5 -5 0 
-5 5 0 

CUSTOMERDEMANDS
1 25 25 25 25 25
2 7 7 7 7 7
3 13 13 0 13 13
4 0 0 6 0 0
5 14 14 14 14 14
6 5 5 0 0 5
7 0 11 11 11 0
8 0 19 19 0 19
9 0 0 5 5 0
10 0 0 0 0 15
11 15 0 0 15 15
12 0 0 0 10 0
13 0 13 13 0 0
14 0 12 12 12 0
15 18 18 18 0 18
16 13 13 13 13 13
17 0 18 18 18 18
18 12 0 0 0 12
19 0 17 17 17 17
20 4 0 4 4 0
21 7 7 7 7 0
22 0 12 12 12 0
23 13 0 13 13 13
24 8 0 8 8 8
25 16 16 16 0 16
26 15 15 0 15 0
27 6 0 0 6 6
28 5 0 0 5 5
29 9 9 9 0 0
30 0 0 0 11 0
31 10 10 10 10 0
32 3 3 0 3 3
33 0 0 7 7 7
34 0 2 0 2 0
35 4 4 4 0 0
36 4 4 4 4 4
37 18 18 0 18 0
38 14 14 0 14 14
39 12 12 12 0 12
40 17 17 17 17 0
41 0 0 0 20 0
42 14 14 14 14 0
43 0 16 16 0 16
44 10 10 10 0 10
45 9 9 9 0 9
46 0 0 0 11 0
47 7 7 7 7 7
48 0 13 13 0 13
49 5 5 5 5 5
50 4 0 0 4 4
51 21 21 21 0 0
52 13 13 13 13 13
53 11 0 11 0 11
54 12 12 12 0 12
55 14 14 14 14 14
56 10 0 0 0 0
57 8 8 8 0 0
58 0 16 0 16 16
59 0 0 0 19 0
60 5 5 5 5 5
61 17 17 17 17 17
62 7 0 0 7 7
63 16 16 16 16 0
64 14 0 0 0 14
65 0 17 0 0 17
66 13 0 13 13 13
67 0 17 0 0 0
68 13 13 0 13 13
69 14 14 14 0 14
70 16 16 16 0 16
71 7 0 0 7 0
72 0 13 13 13 13
73 0 9 9 0 9
74 0 0 11 0 0
75 35 35 0 35 0
76 5 5 5 0 5
77 0 0 28 0 0
78 7 0 0 0 0
79 3 0 3 3 3
80 10 0 10 10 10
81 7 7 0 7 7
82 12 0 12 12 0
83 11 11 11 11 11
84 10 0 0 0 0
85 8 0 8 8 8
86 0 11 11 11 0
87 21 0 21 0 21
88 0 4 0 0 0
89 0 0 15 15 15
90 16 16 16 16 16
91 4 4 4 4 4
92 16 16 16 16 16
93 0 0 0 7 7
94 10 10 0 10 10
95 0 0 9 0 0
96 11 0 11 11 11
97 17 0 0 0 0
98 12 12 12 12 12
99 0 0 11 11 11
100 7 0 7 0 0
101 9 9 9 0 0
102 0 0 0 11 0
103 12 12 0 12 0
104 7 7 7 0 7
105 8 8 8 0 8
106 0 6 0 6 0
107 5 5 5 5 5
108 12 0 12 12 0
109 0 0 0 13 0
110 0 7 0 7 7
111 7 7 7 7 7
112 8 8 8 0 0
113 0 11 11 11 11
114 13 13 13 13 13
115 0 11 11 11 0
116 10 0 10 0 10
117 7 0 7 7 7
118 4 4 4 4 4
119 0 20 20 20 0
120 13 0 0 13 13
