NAME HCon151

MAXTIME 310
DAYS 5

FLEET SIZE 11
VEHICLE TYPES 6
TYPE1 2 250 250 1.8 1
TYPE2 3 200 200 1.7 1
TYPE3 2 140 140 1.4 1
TYPE4 2 120 120 1.6 1
TYPE5 1 100 100 1.5 1
TYPE6 1 80 80 1.2 1

CUSTOMERS 151

DEPOT 0 0

CUSTOMERCOORDINATES 
2 17 0 
14 14 0 
17 29 0 
-15 -9 0 
5 -5 0 
-14 12 0 
-18 28 0 
-4 27 0 
17 -2 0 
16 -14 0 
7 6 0 
-4 -3 0 
-30 -10 0 
-23 7 0 
1 -19 0 
17 6 0 
-8 -12 0 
-18 -2 0 
-22 -22 0 
22 23 0 
27 7 0 
7 22 0 
-19 22 0 
-27 17 0 
-28 3 0 
-8 33 0 
-5 13 0 
8 32 0 
23 13 0 
23 -8 0 
2 34 0 
3 11 0 
11 -25 0 
26 -2 0 
27 28 0 
28 34 0 
-3 -13 0 
10 0 0 
24 -20 0 
-30 -29 0 
-25 -18 0 
-14 -25 0 
-30 29 0 
-5 -20 0 
4 -25 0 
-3 4 0 
-10 -3 0 
-10 20 0 
13 -7 0 
21 2 0 
6 14 0 
0 -18 0 
20 10 0 
20 -15 0 
-20 -5 0 
-10 -5 0 
-15 15 0 
-25 8 0 
20 25 0 
-5 25 0 
-15 30 0 
15 0 0 
-5 -10 0 
-20 -25 0 
-5 -30 0 
-25 -15 0 
-30 -5 0 
-15 5 0 
-20 25 0 
10 30 0 
10 -15 0 
10 -25 0 
20 -30 0 
30 0 0 
30 -15 0 
10 -5 0 
0 5 0 
6 2 0 
29 7 0 
5 25 0 
-4 17 0 
0 34 0 
18 17 0 
30 20 0 
28 30 0 
-33 25 0 
-15 -15 0 
-30 -30 0 
25 -23 0 
5 -10 0 
7 -28 0 
-11 -23 0 
-12 -32 0 
-24 -21 0 
-29 3 0 
-33 13 0 
-27 21 0 
-22 17 0 
-29 33 0 
12 12 0 
14 23 0 
-8 8 0 
2 -4 0 
22 -6 0 
28 -12 0 
18 -23 0 
-3 -23 0 
1 -9 0 
-14 -11 0 
-18 -1 0 
-23 -11 0 
-11 23 0 
-8 34 0 
-20 42 0 
27 42 0 
14 38 0 
32 -30 0 
21 4 0 
2 12 0 
2 21 0 
22 33 0 
12 -19 0 
9 -18 0 
11 -22 0 
14 -24 0 
14 7 0 
18 8 0 
26 17 0 
22 13 0 
21 2 0 
20 19 0 
-20 12 0 
-21 2 0 
-24 -4 0 
-19 -13 0 
-31 -17 0 
-7 -17 0 
-9 17 0 
-9 0 0 
-4 32 0 
-20 -16 0 
-13 -13 0 
-17 -11 0 
-9 -8 0 
-10 -11 0 
-13 -8 0 
-10 -14 0 
-16 -14 0 
-15 -9 0 
-17 -17 0 

CUSTOMERDEMANDS
1 7 7 0 7 7
2 30 30 30 30 30
3 0 16 16 16 16
4 9 9 9 0 9
5 0 21 0 0 0
6 15 15 15 15 15
7 19 0 19 19 19
8 23 23 0 0 0
9 11 0 11 0 11
10 5 5 5 5 5
11 0 19 19 19 0
12 0 29 29 29 29
13 23 23 23 23 0
14 0 0 21 0 0
15 10 0 10 10 10
16 15 0 15 0 0
17 3 3 3 3 3
18 41 41 41 0 41
19 9 9 0 9 0
20 28 28 28 28 28
21 8 8 8 0 0
22 0 8 8 8 8
23 0 0 0 16 16
24 0 0 0 10 0
25 28 28 28 28 28
26 7 7 7 0 7
27 15 15 0 15 0
28 0 14 0 0 14
29 0 0 0 10 0
30 19 0 0 19 19
31 11 0 11 0 11
32 12 12 12 12 12
33 23 23 0 23 23
34 26 26 0 0 26
35 17 17 17 0 17
36 0 0 0 0 6
37 0 9 9 9 9
38 15 15 15 15 15
39 14 14 14 14 0
40 7 0 7 7 7
41 27 0 0 0 0
42 13 13 13 13 13
43 0 11 11 11 11
44 16 16 16 0 16
45 0 0 0 10 0
46 5 5 5 0 5
47 25 25 0 25 25
48 0 17 17 17 17
49 18 18 18 18 0
50 10 0 0 10 10
51 10 10 0 10 10
52 7 0 0 0 0
53 13 13 13 13 0
54 19 19 19 19 0
55 0 0 0 26 26
56 3 0 0 3 3
57 0 5 0 0 5
58 9 9 0 9 0
59 16 0 0 16 16
60 16 16 16 16 0
61 12 0 0 0 0
62 0 19 19 19 19
63 0 23 0 0 23
64 20 0 0 20 20
65 0 0 0 8 0
66 19 19 0 19 19
67 2 0 0 0 0
68 0 12 12 0 12
69 17 17 17 17 17
70 0 9 0 0 0
71 11 11 11 11 0
72 0 18 0 0 18
73 29 29 29 29 0
74 3 3 0 3 3
75 6 6 6 6 0
76 17 17 17 0 0
77 0 16 16 0 0
78 16 16 16 0 16
79 0 0 0 9 0
80 21 21 0 0 21
81 0 0 0 0 27
82 23 23 0 23 23
83 11 11 11 0 11
84 14 14 0 14 14
85 8 8 8 8 8
86 0 5 5 5 0
87 8 8 8 0 0
88 0 0 0 0 16
89 0 31 31 31 31
90 9 0 0 0 9
91 5 5 0 0 0
92 5 0 5 5 5
93 7 0 0 0 0
94 18 18 18 18 18
95 16 0 16 0 0
96 1 1 1 0 1
97 0 0 27 0 0
98 0 36 36 0 0
99 30 0 30 30 0
100 13 13 13 0 13
101 10 0 10 10 10
102 0 0 0 9 9
103 14 0 14 14 14
104 18 0 18 18 18
105 0 2 0 0 0
106 0 6 6 6 0
107 7 0 0 7 0
108 18 18 18 18 0
109 28 0 0 0 0
110 3 3 0 3 0
111 13 13 0 13 13
112 0 19 19 19 19
113 10 10 10 10 10
114 9 9 9 9 9
115 20 20 20 0 20
116 0 0 0 25 0
117 25 25 25 0 0
118 36 0 0 0 36
119 6 0 6 6 6
120 5 5 5 5 5
121 15 15 0 0 15
122 25 25 25 25 25
123 9 9 9 9 9
124 0 8 8 8 8
125 0 0 18 0 0
126 13 0 0 13 13
127 14 14 14 14 0
128 0 3 3 3 0
129 0 23 23 23 23
130 6 0 0 0 0
131 26 0 26 0 26
132 16 16 16 0 16
133 11 11 11 11 11
134 0 7 0 7 0
135 41 41 0 0 0
136 35 35 0 35 35
137 0 26 26 26 26
138 9 9 9 9 9
139 0 0 0 0 15
140 3 3 3 3 0
141 1 1 1 0 0
142 2 0 2 2 2
143 22 22 22 22 22
144 27 0 0 0 27
145 20 0 20 20 20
146 11 11 11 11 11
147 12 12 12 12 12
148 10 10 10 10 0
149 0 9 9 9 9
150 17 0 17 17 17

