NAME HCon121

MAXTIME 320
DAYS 5

FLEET SIZE 4
VEHICLE TYPES 4
TYPE1 1 250 250 1.8 1
TYPE2 1 200 200 1.7 1
TYPE3 1 180 180 2.5 1
TYPE4 1 150 50 3.2 1

CUSTOMERS 121

DEPOT 0 0

CUSTOMERCOORDINATES 
15 -44 0 
15 -42 0 
21 -40 0 
22 -40 0 
21 -38 0 
22 -36 0 
24 -36 0 
36 -36 0 
25 -38 0 
24 -39 0 
25 -40 0 
37 -39 0 
30 -40 0 
29 -42 0 
26 -42 0 
63 -39 0 
63 -37 0 
14 -9 0 
66 -39 0 
66 -35 0 
66 -32 0 
68 -42 0 
68 -36 0 
69 -42 0 
69 -40 0 
69 -34 0 
72 -42 0 
72 -38 0 
80 -30 0 
74 -42 0 
74 -40 0 
74 -36 0 
75 -44 0 
77 -40 0 
75 -37 0 
77 -38 0 
76 -4 0 
76 -1 0 
76 1 0 
75 10 0 
79 -2 0 
79 1 0 
79 7 0 
82 -3 0 
82 7 0 
84 -3 0 
84 -1 0 
84 3 0 
86 -3 0 
89 1 0 
89 5 0 
73 35 0 
73 38 0 
75 36 0 
75 40 0 
75 44 0 
77 35 0 
77 41 0 
80 32 0 
80 43 0 
83 37 0 
83 39 0 
83 44 0 
84 41 0 
85 35 0 
89 44 0 
27 38 0 
40 35 0 
25 40 0 
25 42 0 
34 41 0 
36 44 0 
36 38 0 
36 42 0 
36 44 0 
38 38 0 
40 40 0 
40 43 0 
44 41 0 
44 45 0 
0 -10 0 
0 -5 0 
8 -15 0 
7 -10 0 
6 -7 0 
4 -5 0 
5 -3 0 
1 -3 0 
8 -5 0 
11 -6 0 
10 -5 0 
8 -4 0 
10 -1 0 
12 -1 0 
6 0 0 
10 0 0 
15 0 0 
20 10 0 
10 5 0 
12 6 0 
8 4 0 
6 3 0 
10 10 0 
8 8 0 
4 5 0 
5 6 0 
6 9 0 
18 -12 0 
23 -7 0 
20 5 0 
3 -5 0 
5 -9 0 
8 -14 0 
15 -8 0 
20 1 0 
15 7 0 
6 -12 0 
15 -10 0 
-5 -5 0 
-5 5 0 

CUSTOMERDEMANDS
1 0 0 25 0 0
2 7 7 7 7 7
3 13 13 0 13 13
4 0 0 0 16 0
5 0 0 14 0 0
6 5 5 0 0 5
7 0 11 11 11 0
8 0 19 19 0 19
9 0 0 5 5 0
10 0 0 0 15 0
11 15 0 0 15 15
12 0 12 0 0 0
13 0 13 13 0 0
14 0 12 12 12 0
15 18 18 18 0 18
16 0 0 0 0 13
17 0 18 18 18 18
18 12 0 0 0 0
19 0 17 17 17 17
20 0 0 0 14 0
21 7 7 7 7 0
22 0 12 0 0 0
23 0 0 0 13 0
24 0 0 0 0 8
25 16 16 16 0 16
26 0 0 0 15 0
27 0 0 0 16 0
28 5 0 0 5 5
29 0 0 9 0 0
30 0 0 0 11 0
31 10 0 0 0 0
32 13 0 0 0 0
33 0 0 7 7 7
34 0 2 0 2 0
35 4 4 4 0 0
36 0 14 0 0 0
37 18 18 0 18 0
38 14 14 0 14 14
39 12 12 12 0 12
40 17 17 17 17 0
41 0 20 0 0 0
42 14 14 14 14 0
43 0 16 0 0 0
44 0 0 0 0 10
45 9 9 9 0 9
46 0 0 11 0 0
47 7 7 7 7 7
48 0 13 13 0 13
49 5 5 5 5 5
50 14 0 0 0 0
51 21 0 0 0 0
52 13 0 0 0 0
53 11 0 0 0 0
54 12 12 12 0 12
55 0 14 0 0 0
56 0 0 0 10 0
57 8 8 8 0 0
58 0 0 0 0 16
59 0 0 0 19 0
60 5 5 5 5 5
61 0 0 0 0 17
62 7 0 0 7 7
63 16 16 16 16 0
64 14 0 0 0 14
65 0 17 0 0 17
66 0 0 13 0 0
67 0 17 0 0 0
68 13 13 0 13 13
69 0 14 0 0 0
70 16 16 16 0 16
71 7 0 0 7 0
72 0 0 13 0 0
73 0 9 9 0 9
74 11 0 0 0 0
75 35 0 0 0 0
76 0 0 15 0 0
77 0 28 0 0 0
78 7 0 0 0 0
79 3 0 3 3 3
80 0 0 0 10 0
81 0 0 0 0 7
82 0 0 12 0 0
83 11 11 11 11 11
84 10 0 0 0 0
85 8 0 8 8 8
86 0 11 11 11 0
87 21 0 21 0 21
88 4 4 4 4 0
89 0 0 15 15 15
90 16 0 0 0 0
91 0 0 0 0 14
92 16 16 16 16 16
93 0 0 0 7 7
94 0 0 0 0 10
95 0 9 0 0 0
96 11 0 11 11 11
97 0 0 17 0 0
98 12 12 12 12 12
99 0 0 11 11 11
100 0 0 7 0 0
101 0 9 0 0 0
102 0 0 0 11 0
103 0 0 0 12 0
104 0 7 0 0 0
105 8 8 8 0 8
106 0 6 0 6 0
107 5 5 5 5 5
108 12 0 12 12 0
109 0 0 0 13 0
110 0 7 0 7 7
111 0 0 7 0 0
112 8 8 8 0 0
113 0 0 0 11 0
114 13 13 13 13 13
115 0 11 11 11 0
116 0 0 0 0 10
117 7 0 7 7 7
118 4 4 4 4 4
119 0 0 20 0 0
120 13 0 0 0 0

COMPATIBILITY RESTRICTIONS 
1 1 0 0 0
2 1 1 1 1
3 1 1 1 1
4 1 1 1 1
5 1 0 0 0
6 1 1 1 1
7 1 1 1 1
8 1 0 0 0
9 1 1 1 1
10 1 0 0 0
11 1 0 0 0
12 1 1 1 1
13 1 1 1 1
14 1 1 1 1
15 1 0 0 0
16 1 1 1 1
17 1 0 0 0
18 1 1 1 1
19 1 0 0 0
20 1 1 1 1
21 1 1 1 1
22 1 1 1 1
23 1 1 1 1
24 1 1 1 1
25 1 0 0 0
26 1 0 0 0
27 1 1 1 1
28 1 1 1 1
29 1 1 1 1
30 1 1 1 1
31 1 1 1 1
32 1 1 1 1
33 1 1 1 1
34 1 1 1 1
35 1 1 1 1
36 1 1 1 1
37 1 0 0 0
38 1 0 0 0
39 1 1 1 1
40 1 0 0 0
41 1 0 0 0
42 1 0 0 0
43 1 0 0 0
44 1 1 1 1
45 1 1 1 1
46 1 1 1 1
47 1 1 1 1
48 1 1 1 1
49 1 1 1 1
50 1 1 1 1
51 1 0 0 0
52 1 1 1 1
53 1 1 1 1
54 1 1 1 1
55 1 0 0 0
56 1 1 1 1
57 1 1 1 1
58 1 0 0 0
59 1 0 0 0
60 1 1 1 1
61 1 0 0 0
62 1 1 1 1
63 1 0 0 0
64 1 0 0 0
65 1 0 0 0
66 1 1 1 1
67 1 0 0 0
68 1 1 1 1
69 1 0 0 0
70 1 0 0 0
71 1 1 1 1
72 1 1 1 1
73 1 1 1 1
74 1 1 1 1
75 1 0 0 0
76 1 1 1 1
77 1 0 0 0
78 1 1 1 1
79 1 1 1 1
80 1 1 1 1
81 0 0 1 1
82 0 0 1 1
83 1 1 1 1
84 0 0 1 1
85 0 0 1 1
86 0 0 1 1
87 0 0 1 1
88 0 0 1 1
89 0 0 1 1
90 0 0 1 1
91 0 0 1 1
92 0 0 1 1
93 0 0 1 1
94 0 0 1 1
95 0 0 1 1
96 0 0 1 1
97 0 0 1 1
98 1 1 1 1
99 0 0 1 1
100 0 0 1 1
101 0 0 1 1
102 0 0 1 1
103 0 0 1 1
104 0 0 1 1
105 0 0 1 1
106 0 0 1 1
107 0 0 1 1
108 1 1 1 1
109 1 1 1 1
110 1 1 1 1
111 0 0 1 1
112 0 0 1 1
113 1 1 1 1
114 1 0 0 0
115 1 1 1 1
116 1 1 1 1
117 0 0 1 1
118 1 1 1 1
119 0 0 1 1
120 0 0 1 1
