NAME HCon101

MAXTIME 280
DAYS 5

FLEET SIZE 4
VEHICLE TYPES 4
TYPE1 1 250 250 1.8 1
TYPE2 1 230 150 4.1 1
TYPE3 1 200 200 1.7 1
TYPE4 1 180 180 3.2 1

CUSTOMERS 101

DEPOT 0 0

CUSTOMERCOORDINATES 
5 18 0 
5 20 0 
2 16 0 
2 18 0 
2 15 0 
0 19 0 
0 16 0 
-2 18 0 
-2 20 0 
-5 16 0 
-5 19 0 
-15 35 0 
-18 25 0 
-18 35 0 
-20 30 0 
-20 35 0 
-22 25 0 
-25 25 0 
-25 30 0 
-10 0 0 
-10 2 0 
-12 2 0 
-12 5 0 
-15 0 0 
-15 2 0 
-15 5 0 
-17 2 0 
-17 5 0 
-20 0 0 
-20 5 0 
-30 -15 0 
-30 -10 0 
-32 -10 0 
-32 -5 0 
-35 -15 0 
-35 -5 0 
-38 -10 0 
-40 -10 0 
-40 -5 0 
-5 -20 0 
-5 -18 0 
-7 -18 0 
-7 -15 0 
-8 -20 0 
-10 -20 0 
-10 -18 0 
-10 -15 0 
-12 -20 0 
-12 -15 0 
-14 -18 0 
-15 -20 0 
-15 -15 0 
4 -45 0 
2 -40 0 
2 -35 0 
0 -45 0 
0 -35 0 
-2 -45 0 
-2 -35 0 
-5 -45 0 
10 -20 0 
10 -15 0 
10 -10 0 
8 -20 0 
8 -10 0 
7 -15 0 
7 -10 0 
5 -20 0 
5 -15 0 
55 -20 0 
55 -15 0 
13 -20 0 
52 -20 0 
13 -15 0 
5 15 0 
50 -15 0 
48 -20 0 
48 -15 0 
47 -20 0 
45 -25 0 
45 -15 0 
35 5 0 
32 5 0 
30 8 0 
28 10 0 
26 5 0 
25 5 0 
25 10 0 
23 8 0 
20 5 0 
20 10 0 
27 35 0 
25 35 0 
25 32 0 
22 30 0 
20 30 0 
20 35 0 
18 25 0 
15 30 0 
15 35 0 

CUSTOMERDEMANDS
1 10 0 0 0 0
2 0 30 0 0 0
3 0 0 0 0 10
4 0 0 10 0 0
5 0 0 0 10 0
6 0 20 20 20 20
7 0 0 20 20 20
8 20 20 0 0 0
9 10 0 10 0 10
10 0 0 0 10 0
11 0 0 0 0 10
12 0 0 20 0 0
13 0 30 0 30 0
14 0 0 0 10 0
15 40 0 40 0 0
16 40 0 0 0 0
17 0 20 20 0 20
18 20 20 20 0 20
19 10 0 10 10 10
20 0 10 0 0 0
21 0 20 0 20 0
22 0 0 0 0 20
23 10 0 10 10 10
24 0 10 0 10 10
25 40 40 40 40 40
26 0 0 0 0 10
27 10 0 0 0 0
28 20 20 0 20 0
29 0 10 0 0 0
30 10 0 10 10 10
31 20 20 20 20 20
32 0 30 0 0 0
33 0 0 0 0 40
34 0 20 0 20 20
35 0 10 0 0 0
36 0 0 0 10 0
37 0 0 0 20 0
38 0 0 0 0 30
39 20 0 0 0 0
40 10 10 10 0 0
41 0 0 0 0 10
42 0 0 20 20 20
43 0 10 0 0 0
44 10 10 10 10 10
45 10 0 10 0 10
46 30 30 0 30 0
47 10 10 10 0 0
48 0 0 0 10 0
49 10 0 10 10 0
50 0 0 0 0 10
51 10 10 10 10 10
52 10 0 0 10 0
53 0 0 0 20 0
54 0 0 0 40 0
55 0 10 0 0 0
56 30 30 30 30 30
57 40 40 40 0 40
58 30 0 30 0 30
59 0 10 0 10 10
60 0 0 0 0 20
61 10 0 0 0 0
62 0 0 20 20 20
63 0 0 0 50 0
64 10 0 10 10 10
65 0 0 10 0 0
66 0 10 10 0 10
67 10 0 10 0 10
68 10 0 0 0 0
69 0 0 10 0 0
70 30 0 30 30 0
71 0 0 20 0 0
72 0 0 10 10 0
73 0 10 0 0 0
74 0 50 0 0 0
75 0 0 0 0 20
76 10 0 0 0 0
77 0 10 10 0 10
78 0 0 20 0 0
79 10 0 10 10 10
80 0 0 10 10 0
81 0 30 0 0 0
82 0 0 0 0 20
83 10 0 0 0 0
84 0 0 0 20 0
85 30 30 0 0 0
86 0 0 0 10 10
87 0 20 0 0 20
88 0 30 0 0 0
89 10 10 0 0 10
90 0 0 10 0 0
91 0 0 0 10 0
92 0 20 20 20 20
93 40 40 40 0 40
94 0 10 10 10 0
95 30 0 0 0 0
96 10 10 0 0 0
97 30 30 30 30 30
98 20 20 20 20 0
99 10 0 0 0 0
100 20 0 0 20 20

COMPATIBILITY RESTRICTIONS 
1 0 0 1 1
2 1 0 0 0
3 0 0 1 1
4 0 0 1 1
5 0 0 1 1
6 1 1 1 1
7 0 0 1 1
8 0 0 1 1
9 1 1 1 1
10 0 0 1 1
11 1 1 1 1
12 1 1 1 1
13 1 0 0 0
14 1 1 1 1
15 1 0 0 0
16 1 0 0 0
17 1 1 1 1
18 1 1 1 1
19 1 1 1 1
20 0 0 1 1
21 0 0 1 1
22 0 0 1 1
23 0 0 1 1
24 0 0 1 1
25 0 0 1 1
26 0 0 1 1
27 0 0 1 1
28 0 0 1 1
29 1 1 1 1
30 1 1 1 1
31 1 1 1 1
32 1 0 0 0
33 1 0 0 0
34 1 1 1 1
35 1 1 1 1
36 1 1 1 1
37 1 1 1 1
38 1 0 0 0
39 1 1 1 1
40 1 1 1 1
41 1 1 1 1
42 1 1 1 1
43 0 0 1 1
44 1 1 1 1
45 1 1 1 1
46 1 0 0 0
47 0 0 1 1
48 1 1 1 1
49 1 1 1 1
50 1 1 1 1
51 1 1 1 1
52 1 1 1 1
53 1 1 1 1
54 1 0 0 0
55 1 1 1 1
56 1 0 0 0
57 1 0 0 0
58 1 0 0 0
59 1 1 1 1
60 1 1 1 1
61 1 1 1 1
62 0 0 1 1
63 0 0 1 1
64 1 1 1 1
65 0 0 1 1
66 0 0 1 1
67 0 0 1 1
68 1 1 1 1
69 0 0 1 1
70 1 0 0 0
71 1 1 1 1
72 1 1 1 1
73 1 1 1 1
74 1 0 0 0
75 0 0 1 1
76 1 1 1 1
77 1 1 1 1
78 1 1 1 1
79 1 1 1 1
80 1 1 1 1
81 1 0 0 0
82 1 1 1 1
83 1 1 1 1
84 1 0 0 0
85 1 0 0 0
86 1 1 1 1
87 1 0 0 0
88 1 0 0 0
89 1 1 1 1
90 1 1 1 1
91 1 1 1 1
92 1 0 0 0
93 1 0 0 0
94 1 1 1 1
95 1 0 0 0
96 1 1 1 1
97 1 0 0 0
98 1 0 0 0
99 1 1 1 1
100 1 0 0 0
