NAME HCon76

MAXTIME 250
DAYS 5

FLEET SIZE 6
VEHICLE TYPES 4
TYPE1 2 250 250 1.8 1
TYPE2 1 180 180 6.2 1
TYPE3 1 150 50 3.2 1
TYPE4 2 100 100 2.5 1

CUSTOMERS 76

DEPOT 0 0

CUSTOMERCOORDINATES  
-18 -18 10 
-4 -14 10 
-19 5 10 
5 -5 10 
15 -20 10 
-7 -6 10 
10 10 10 
15 5 10 
-14 19 10 
0 26 10 
15 25 10 
-5 11 10 
22 -5 10 
22 17 10 
22 -16 10 
-19 -4 10 
-7 4 10 
-31 16 10 
22 8 10 
26 -26 10 
4 -27 10 
-14 -27 10 
-29 -12 10 
-33 3 10 
-23 24 10 
1 6 10 
15 -6 10 
-5 -24 10 
12 -14 10 
3 -14 10 
-9 36 10 
-18 13 10 
-14 -11 10 
10 0 10 
15 10 10 
14 -30 10 
20 -25 10 
7 26 10 
-10 20 10 
-10 10 10 
-28 -23 10 
-25 -26 10 
-24 -21 10 
-19 8 10 
10 -10 10 
11 2 10 
10 -25 10 
8 -19 10 
-28 -2 10 
-25 16 10 
-11 -1 10 
14 -2 10 
15 17 10 
27 1 10 
-30 30 10 
-34 -15 10 
25 -13 10 
0 20 10 
30 24 10 
24 -36 10 
-4 -34 10 
-10 -20 10 
-20 -10 10 
-25 -35 10 
10 30 10 
17 32 10 
5 2 10 
-2 -7 10 
10 -36 10 
26 -32 10 
19 -35 10 
-5 20 10 
-13 -16 10 
0 -20 10 
0 -3 10 

CUSTOMERDEMANDS
1 18 18 18 18 18
2 0 26 26 26 26
3 11 11 11 11 11
4 0 0 30 0 0
5 21 21 0 21 0
6 0 0 0 19 0
7 15 15 15 15 0
8 16 16 16 0 0
9 0 0 0 29 29
10 26 0 0 0 0
11 0 0 0 37 0
12 16 0 16 16 16
13 12 12 12 12 0
14 0 0 0 31 0
15 8 8 8 8 8
16 0 19 19 19 19
17 20 20 20 20 0
18 0 0 0 0 13
19 0 15 0 0 0
20 0 0 0 22 0
21 28 0 28 28 28
22 0 12 0 0 0
23 0 0 0 6 0
24 0 27 0 0 27
25 0 14 0 0 0
26 0 0 0 0 18
27 0 17 0 0 0
28 29 0 0 0 0
29 0 13 13 13 0
30 22 0 0 0 0
31 0 25 0 0 0
32 0 28 0 0 0
33 0 0 0 0 27
34 19 19 19 19 19
35 0 10 0 0 0
36 0 0 0 0 12
37 0 0 14 0 0
38 0 24 24 24 0
39 0 16 0 16 16
40 33 33 33 33 33
41 15 15 0 15 0
42 0 0 11 0 0
43 18 18 18 0 0
44 0 17 17 0 17
45 21 21 0 21 0
46 0 27 27 27 27
47 0 0 0 0 19
48 0 0 20 20 20
49 5 5 0 5 0
50 0 0 0 22 0
51 0 12 0 0 0
52 19 19 19 19 19
53 22 22 0 22 22
54 0 0 0 16 0
55 7 7 7 7 7
56 26 26 26 26 26
57 0 14 0 0 0
58 0 21 0 0 0
59 0 0 0 24 0
60 0 0 0 0 13
61 15 0 0 0 0
62 0 0 18 18 0
63 0 0 0 0 11
64 28 28 28 0 0
65 9 9 0 9 9
66 37 37 0 37 37
67 0 0 0 30 0
68 0 0 0 0 10
69 0 0 8 0 0
70 0 11 0 0 0
71 0 3 0 0 0
72 1 1 0 1 1
73 6 6 6 6 6
74 10 10 0 0 0
75 0 0 0 0 20

COMPATIBILITY RESTRICTIONS 
1 1 1 1 1 1 1
2 0 0 0 1 1 1
3 1 1 1 1 1 1
4 0 0 0 1 1 1
5 1 1 1 1 1 1
6 0 0 0 1 1 1
7 0 0 0 1 1 1
8 0 0 0 1 1 1
9 1 1 0 0 0 0
10 1 1 0 0 0 0
11 1 1 0 0 0 0
12 0 0 0 1 1 1
13 1 1 1 1 1 1
14 1 1 0 0 0 0
15 1 1 1 1 1 1
16 1 1 1 1 1 1
17 0 0 0 1 1 1
18 1 1 1 1 1 1
19 1 1 1 1 1 1
20 1 1 0 0 0 0
21 1 1 0 0 0 0
22 1 1 1 1 1 1
23 1 1 1 1 1 1
24 1 1 0 0 0 0
25 1 1 1 1 1 1
26 0 0 0 1 1 1
27 1 1 1 1 1 1
28 1 1 0 0 0 0
29 1 1 1 1 1 1
30 0 0 0 1 1 1
31 1 1 0 0 0 0
32 1 1 0 0 0 0
33 1 1 0 0 0 0
34 0 0 0 1 1 1
35 1 1 1 1 1 1
36 1 1 1 1 1 1
37 1 1 1 1 1 1
38 1 1 0 0 0 0
39 1 1 1 1 1 1
40 0 0 0 1 1 1
41 1 1 1 1 1 1
42 1 1 1 1 1 1
43 1 1 1 1 1 1
44 1 1 1 1 1 1
45 0 0 0 1 1 1
46 0 0 0 1 1 1
47 1 1 1 1 1 1
48 1 1 1 1 1 1
49 1 1 1 1 1 1
50 1 1 0 0 0 0
51 0 0 0 1 1 1
52 0 0 0 1 1 1
53 1 1 0 0 0 0
54 1 1 1 1 1 1
55 1 1 1 1 1 1
56 1 1 0 0 0 0
57 1 1 1 1 1 1
58 1 1 0 0 0 0
59 1 1 0 0 0 0
60 1 1 1 1 1 1
61 1 1 1 1 1 1
62 1 1 1 1 1 1
63 1 1 1 1 1 1
64 1 1 0 0 0 0
65 1 1 1 1 1 1
66 1 1 0 0 0 0
67 0 0 0 1 1 1
68 0 0 0 1 1 1
69 1 1 1 1 1 1
70 1 1 1 1 1 1
71 1 1 1 1 1 1
72 1 1 1 1 1 1
73 1 1 1 1 1 1
74 1 1 1 1 1 1
75 0 0 0 1 1 1
